[
    {
        "main/loss": 3.8994650840759277,
        "main/loss_pi": 3.3083384037017822,
        "main/loss_v": 0.5911267499128977,
        "epoch": 1,
        "iteration": 3,
        "elapsed_time": 2.193097196999588
    }
]